Even_bx0800y3000_gp6
4.15020052401125e-05	8.97723164023111	0.000841064182687248
Even_bx1000y3500_gp6
4.13122920047434e-05	8.91869182175854	0.000778417922274836
Even_bx1500y4000_gp6_fine
4.15019860701619e-05	8.97723164024051	0.000841064199328154
Even_bx1500y4000_gp6
4.12907765256479e-05	8.97588513365154	0.000840288857990339


Oddd_bx1500y5000_gp6
5.53989791022481e-05	8.90209237818573	0.00430920361830783

10:34.7
20:40.13, 38.5
30: 43.05, 41.17
40: 45.4
50: 47.4

1.37927031172928e-05	9.07677009225343	0.0120386661734589	0.00105520112626652	0.902591499446130
6.50189819517355e-07	9.07673821600591	0.0120489862356969	0.00103421758762734	0.902494462580234

-0.000382653767113631	0.000410239173348217
9.07676935039188	9.07677083411498
0.0116434010904514	0.0124339312564664
-0.00105551899660782	-0.00105488325592522
0.902546512490813	0.902636486401446

-0.0370674319482604	0.0370661315686214
9.07673151819092	9.07674491382090
-0.0250226287199532	0.0491206011913469
-0.00103752757258847	-0.00103090760266621
0.902318807391261	0.902670117769206